# relative_time, cycles_done, cur_item, corpus_count, pending_total, pending_favs, map_size, saved_crashes, saved_hangs, max_depth, execs_per_sec, total_execs, edges_found, total_crashes, servers_count
61, 0, 0, 12, 12, 2, 0.00%, 1, 0, 2, 437.58, 26770, 21, 39, 0
66, 0, 0, 12, 12, 2, 0.00%, 1, 0, 2, 438.49, 29002, 21, 46, 0
71, 0, 0, 12, 12, 2, 0.00%, 1, 0, 2, 439.41, 31274, 21, 48, 0
76, 0, 0, 12, 12, 2, 0.00%, 1, 0, 2, 439.81, 33546, 21, 51, 0
81, 0, 0, 12, 12, 2, 0.00%, 1, 0, 2, 440.38, 35754, 21, 52, 0
86, 0, 0, 12, 12, 2, 0.00%, 1, 0, 2, 440.11, 38042, 21, 55, 0
91, 0, 0, 12, 12, 2, 0.00%, 1, 0, 2, 439.55, 40258, 21, 57, 0
96, 0, 0, 12, 12, 2, 0.00%, 1, 0, 2, 440.31, 42554, 21, 62, 0
102, 0, 0, 12, 12, 2, 0.00%, 1, 0, 2, 439.59, 44826, 21, 68, 0
107, 0, 0, 12, 12, 2, 0.00%, 1, 0, 2, 440.06, 47106, 21, 73, 0
112, 0, 0, 12, 12, 2, 0.00%, 1, 0, 2, 439.86, 49370, 21, 76, 0
117, 0, 3, 12, 10, 6, 0.00%, 1, 0, 2, 434.48, 51619, 21, 79, 0
122, 1, 14, 16, 6, 0, 0.00%, 2, 0, 4, 426.68, 53736, 21, 80, 0
127, 1, 16, 18, 4, 0, 0.00%, 3, 0, 6, 430.71, 55964, 32, 82, 0
132, 1, 16, 21, 7, 0, 0.00%, 4, 0, 6, 435.14, 58169, 41, 85, 0
137, 1, 16, 21, 7, 0, 0.00%, 5, 0, 6, 438.33, 60377, 41, 87, 0
142, 1, 16, 24, 10, 0, 0.00%, 5, 0, 6, 435.57, 62582, 43, 89, 0
147, 1, 16, 26, 12, 0, 0.00%, 5, 0, 6, 437.41, 64788, 43, 91, 0
153, 1, 16, 27, 13, 0, 0.00%, 5, 0, 6, 436.73, 66995, 43, 92, 0
158, 1, 24, 32, 16, 4, 0.00%, 5, 0, 7, 427.13, 69192, 76, 94, 0
163, 1, 28, 50, 31, 1, 0.00%, 5, 0, 8, 414.22, 71273, 94, 94, 0
168, 1, 28, 59, 40, 1, 0.00%, 5, 0, 8, 416.29, 73426, 110, 98, 0
173, 1, 28, 59, 40, 1, 0.00%, 5, 0, 8, 432.89, 75626, 110, 112, 0
178, 1, 28, 61, 42, 1, 0.00%, 6, 0, 8, 435.20, 77816, 110, 124, 0
183, 1, 28, 62, 43, 1, 0.00%, 6, 0, 8, 434.09, 80015, 110, 137, 0
188, 1, 28, 62, 43, 1, 0.00%, 6, 0, 8, 436.47, 82215, 110, 152, 0
193, 1, 28, 64, 45, 1, 0.00%, 6, 0, 8, 435.24, 84405, 110, 162, 0
198, 1, 28, 66, 47, 1, 0.00%, 7, 0, 8, 435.10, 86603, 110, 175, 0
203, 1, 28, 66, 47, 1, 0.00%, 7, 0, 8, 437.01, 88803, 110, 187, 0
208, 1, 28, 66, 47, 1, 0.00%, 7, 0, 8, 435.98, 91003, 110, 211, 0
210, 1, 28, 66, 47, 1, 0.00%, 7, 0, 8, 435.66, 91696, 110, 214, 0
