# relative_time, cycles_done, cur_item, corpus_count, pending_total, pending_favs, map_size, saved_crashes, saved_hangs, max_depth, execs_per_sec, total_execs, edges_found, total_crashes, servers_count
61, 27, 60, 122, 0, 0, 92.44%, 16, 0, 7, 7470.05, 434291, 110, 2108, 0
66, 30, 40, 122, 0, 0, 92.44%, 16, 0, 7, 7486.73, 473234, 110, 2335, 0
72, 32, 36, 122, 0, 0, 92.44%, 16, 0, 7, 7454.60, 511638, 110, 2557, 0
77, 35, 42, 122, 0, 0, 92.44%, 16, 0, 7, 7477.82, 550291, 110, 2787, 0
82, 37, 52, 122, 0, 0, 92.44%, 16, 0, 7, 7475.34, 588882, 110, 3012, 0
87, 40, 103, 122, 0, 0, 92.44%, 16, 0, 7, 7464.00, 627654, 110, 3239, 0
92, 42, 43, 122, 0, 0, 92.44%, 16, 0, 7, 7460.51, 666191, 110, 3472, 0
98, 45, 32, 122, 0, 0, 92.44%, 16, 0, 7, 7464.10, 704836, 110, 3673, 0
103, 47, 48, 122, 0, 0, 92.44%, 16, 0, 7, 7444.64, 742115, 110, 3894, 0
108, 49, 23, 122, 0, 0, 92.44%, 16, 0, 7, 7466.49, 779714, 110, 4128, 0
113, 52, 22, 122, 0, 0, 92.44%, 16, 0, 7, 7467.84, 818089, 110, 4349, 0
118, 54, 92, 122, 0, 0, 92.44%, 16, 0, 7, 7450.80, 856683, 110, 4569, 0
123, 57, 28, 122, 0, 0, 92.44%, 16, 0, 7, 7442.51, 895328, 110, 4789, 0
128, 59, 59, 122, 0, 0, 92.44%, 16, 0, 7, 7459.58, 934163, 110, 4994, 0
133, 62, 112, 122, 0, 0, 92.44%, 16, 0, 7, 7460.99, 972810, 110, 5252, 0
139, 64, 36, 122, 0, 0, 92.44%, 16, 0, 7, 7470.70, 1011534, 110, 5516, 0
144, 67, 3, 122, 0, 0, 92.44%, 16, 0, 7, 7482.31, 1048923, 110, 5754, 0
149, 69, 67, 122, 0, 0, 92.44%, 16, 0, 7, 7478.74, 1087717, 110, 5977, 0
154, 71, 104, 122, 0, 0, 92.44%, 16, 0, 7, 7447.52, 1125894, 110, 6216, 0
159, 74, 42, 122, 0, 0, 92.44%, 16, 0, 7, 7453.29, 1164423, 110, 6426, 0
164, 76, 60, 122, 0, 0, 92.44%, 16, 0, 7, 7461.69, 1203198, 110, 6661, 0
169, 79, 109, 122, 0, 0, 92.44%, 16, 0, 7, 7466.90, 1241734, 110, 6882, 0
175, 81, 96, 122, 0, 0, 92.44%, 16, 0, 7, 7458.95, 1280390, 110, 7095, 0
180, 84, 42, 122, 0, 0, 92.44%, 16, 0, 7, 7449.46, 1318858, 110, 7306, 0
185, 86, 40, 122, 0, 0, 92.44%, 16, 0, 7, 7433.84, 1356164, 110, 7523, 0
190, 89, 52, 122, 0, 0, 92.44%, 16, 0, 7, 7462.00, 1394739, 110, 7762, 0
195, 92, 32, 122, 0, 0, 92.44%, 16, 0, 7, 7466.09, 1432198, 110, 7997, 0
200, 94, 52, 122, 0, 0, 92.44%, 16, 0, 7, 7453.04, 1470628, 110, 8234, 0
205, 97, 52, 122, 0, 0, 92.44%, 16, 0, 7, 7451.19, 1509097, 110, 8441, 0
211, 100, 48, 122, 0, 0, 92.44%, 16, 0, 7, 7440.47, 1547823, 110, 8671, 0
216, 102, 120, 122, 0, 0, 92.44%, 16, 0, 7, 7432.05, 1586578, 110, 8881, 0
221, 105, 47, 122, 0, 0, 92.44%, 16, 0, 7, 7435.75, 1624022, 110, 9123, 0
226, 107, 32, 122, 0, 0, 92.44%, 16, 0, 7, 7437.22, 1662213, 110, 9333, 0
231, 109, 6, 122, 0, 0, 92.44%, 16, 0, 7, 7437.29, 1700931, 110, 9524, 0
236, 112, 48, 122, 0, 0, 92.44%, 16, 0, 7, 7458.04, 1739748, 110, 9759, 0
242, 115, 32, 122, 0, 0, 92.44%, 16, 0, 7, 7434.45, 1778391, 110, 9960, 0
247, 117, 62, 122, 0, 0, 92.44%, 16, 0, 7, 7447.60, 1817034, 110, 10232, 0
252, 120, 47, 122, 0, 0, 92.44%, 16, 0, 7, 7453.05, 1855625, 110, 10471, 0
257, 122, 75, 122, 0, 0, 92.44%, 16, 0, 7, 7449.28, 1893011, 110, 10738, 0
262, 125, 16, 122, 0, 0, 92.44%, 16, 0, 7, 7456.57, 1931583, 110, 10972, 0
267, 127, 28, 122, 0, 0, 92.44%, 16, 0, 7, 7464.76, 1969079, 110, 11211, 0
272, 130, 60, 122, 0, 0, 92.44%, 16, 0, 7, 7477.23, 2007995, 110, 11447, 0
277, 133, 89, 122, 0, 0, 92.44%, 16, 0, 7, 7463.66, 2046569, 110, 11687, 0
283, 135, 47, 122, 0, 0, 92.44%, 16, 0, 7, 7450.36, 2084013, 110, 11881, 0
288, 137, 69, 122, 0, 0, 92.44%, 16, 0, 7, 7453.21, 2121331, 110, 12118, 0
293, 140, 47, 122, 0, 0, 92.44%, 16, 0, 7, 7442.33, 2158638, 110, 12337, 0
298, 142, 97, 122, 0, 0, 92.44%, 16, 0, 7, 7436.53, 2196987, 110, 12581, 0
303, 145, 60, 122, 0, 0, 92.44%, 16, 0, 7, 7445.41, 2235632, 110, 12798, 0
308, 148, 28, 122, 0, 0, 92.44%, 16, 0, 7, 7425.43, 2273978, 110, 13016, 0
313, 151, 48, 122, 0, 0, 92.44%, 16, 0, 7, 7438.56, 2312541, 110, 13233, 0
318, 153, 9, 122, 0, 0, 92.44%, 16, 0, 7, 7417.01, 2351034, 110, 13456, 0
323, 156, 60, 122, 0, 0, 92.44%, 16, 0, 7, 7423.88, 2388377, 110, 13676, 0
329, 158, 92, 122, 0, 0, 92.44%, 16, 0, 7, 7428.87, 2427035, 110, 13913, 0
334, 161, 36, 122, 0, 0, 92.44%, 16, 0, 7, 7434.51, 2465582, 110, 14125, 0
339, 163, 108, 122, 0, 0, 92.44%, 16, 0, 7, 7418.61, 2504056, 110, 14325, 0
344, 166, 74, 122, 0, 0, 92.44%, 16, 0, 7, 7437.44, 2542578, 110, 14529, 0
349, 168, 60, 122, 0, 0, 92.44%, 16, 0, 7, 7454.03, 2581190, 110, 14761, 0
354, 171, 40, 122, 0, 0, 92.44%, 16, 0, 7, 7437.87, 2618359, 110, 14970, 0
360, 173, 52, 122, 0, 0, 92.44%, 16, 0, 7, 7441.89, 2656931, 110, 15213, 0
365, 176, 52, 122, 0, 0, 92.44%, 16, 0, 7, 7458.73, 2695643, 110, 15424, 0
370, 178, 40, 122, 0, 0, 92.44%, 16, 0, 7, 7457.05, 2732942, 110, 15644, 0
375, 180, 61, 122, 0, 0, 92.44%, 16, 0, 7, 7455.32, 2771514, 110, 15887, 0
380, 183, 32, 122, 0, 0, 92.44%, 16, 0, 7, 7482.58, 2809873, 110, 16116, 0
385, 186, 42, 122, 0, 0, 92.44%, 16, 0, 7, 7445.67, 2848542, 110, 16397, 0
390, 188, 60, 122, 0, 0, 92.44%, 16, 0, 7, 7433.48, 2886027, 110, 16633, 0
396, 191, 48, 122, 0, 0, 92.44%, 16, 0, 7, 7438.91, 2924693, 110, 16927, 0
401, 193, 48, 122, 0, 0, 92.44%, 16, 0, 7, 7415.43, 2963117, 110, 17153, 0
406, 196, 27, 122, 0, 0, 92.44%, 16, 0, 7, 7450.25, 3001679, 110, 17394, 0
411, 199, 32, 122, 0, 0, 92.44%, 16, 0, 7, 7452.35, 3040454, 110, 17623, 0
416, 201, 28, 122, 0, 0, 92.44%, 16, 0, 7, 7438.82, 3077844, 110, 17881, 0
421, 204, 32, 122, 0, 0, 92.44%, 16, 0, 7, 7427.88, 3115446, 110, 18109, 0
426, 206, 83, 122, 0, 0, 92.44%, 16, 0, 7, 7438.36, 3153970, 110, 18303, 0
431, 208, 48, 122, 0, 0, 92.44%, 16, 0, 7, 7431.21, 3192404, 110, 18504, 0
437, 211, 52, 122, 0, 0, 92.44%, 16, 0, 7, 7458.14, 3229960, 110, 18741, 0
442, 213, 115, 122, 0, 0, 92.44%, 16, 0, 7, 7436.72, 3268749, 110, 18924, 0
447, 216, 101, 122, 0, 0, 92.44%, 16, 0, 7, 7448.92, 3307574, 110, 19132, 0
452, 218, 40, 122, 0, 0, 92.44%, 16, 0, 7, 7451.69, 3346047, 110, 19374, 0
457, 221, 109, 122, 0, 0, 92.44%, 16, 0, 7, 7451.90, 3384796, 110, 19606, 0
462, 223, 97, 122, 0, 0, 92.44%, 16, 0, 7, 7452.73, 3422205, 110, 19809, 0
467, 226, 89, 122, 0, 0, 92.44%, 16, 0, 7, 7453.91, 3459633, 110, 20041, 0
473, 229, 45, 122, 0, 0, 92.44%, 16, 0, 7, 7466.90, 3498533, 110, 20272, 0
478, 231, 62, 122, 0, 0, 92.44%, 16, 0, 7, 7471.67, 3537422, 110, 20527, 0
483, 234, 8, 122, 0, 0, 92.44%, 16, 0, 7, 7477.29, 3576020, 110, 20741, 0
488, 237, 4, 122, 0, 0, 92.44%, 16, 0, 7, 7474.93, 3614726, 110, 20974, 0
493, 239, 43, 122, 0, 0, 92.44%, 16, 0, 7, 7459.79, 3653351, 110, 21209, 0
498, 242, 36, 122, 0, 0, 92.44%, 16, 0, 7, 7452.85, 3691969, 110, 21413, 0
503, 244, 118, 122, 0, 0, 92.44%, 16, 0, 7, 7452.63, 3729264, 110, 21628, 0
509, 247, 42, 122, 0, 0, 92.44%, 16, 0, 7, 7451.06, 3767811, 110, 21833, 0
514, 250, 34, 122, 0, 0, 92.44%, 16, 0, 7, 7455.73, 3806256, 110, 22061, 0
519, 252, 32, 122, 0, 0, 92.44%, 16, 0, 7, 7446.38, 3843479, 110, 22308, 0
524, 255, 40, 122, 0, 0, 92.44%, 16, 0, 7, 7453.67, 3881774, 110, 22522, 0
529, 257, 28, 122, 0, 0, 92.44%, 16, 0, 7, 7471.88, 3920478, 110, 22767, 0
534, 260, 52, 122, 0, 0, 92.44%, 16, 0, 7, 7470.67, 3959216, 110, 23013, 0
539, 262, 47, 122, 0, 0, 92.44%, 16, 0, 7, 7474.81, 3996626, 110, 23257, 0
544, 265, 101, 122, 0, 0, 92.44%, 16, 0, 7, 7476.29, 4033955, 110, 23505, 0
550, 267, 40, 122, 0, 0, 92.44%, 16, 0, 7, 7472.40, 4072682, 110, 23752, 0
555, 270, 60, 122, 0, 0, 92.44%, 16, 0, 7, 7441.17, 4111228, 110, 23954, 0
560, 273, 42, 122, 0, 0, 92.44%, 16, 0, 7, 7467.45, 4149772, 110, 24179, 0
565, 275, 42, 122, 0, 0, 92.44%, 16, 0, 7, 7452.85, 4188201, 110, 24398, 0
570, 278, 52, 122, 0, 0, 92.44%, 16, 0, 7, 7444.13, 4226868, 110, 24611, 0
575, 280, 42, 122, 0, 0, 92.44%, 16, 0, 7, 7434.15, 4265334, 110, 24830, 0
580, 283, 91, 122, 0, 0, 92.44%, 16, 0, 7, 7436.11, 4302701, 110, 25048, 0
586, 285, 67, 122, 0, 0, 92.44%, 16, 0, 7, 7434.08, 4341211, 110, 25268, 0
591, 288, 112, 122, 0, 0, 92.44%, 16, 0, 7, 7437.52, 4379871, 110, 25494, 0
596, 290, 48, 122, 0, 0, 92.44%, 16, 0, 7, 7445.82, 4418424, 110, 25741, 0
601, 293, 60, 122, 0, 0, 92.44%, 16, 0, 7, 7425.44, 4456887, 110, 25985, 0
606, 295, 64, 122, 0, 0, 92.44%, 16, 0, 7, 7431.61, 4495440, 110, 26225, 0
612, 298, 106, 122, 0, 0, 92.44%, 16, 0, 7, 7425.31, 4534126, 110, 26459, 0
617, 301, 0, 122, 0, 0, 92.44%, 16, 0, 7, 7439.96, 4572512, 110, 26724, 0
622, 303, 103, 122, 0, 0, 92.44%, 16, 0, 7, 7436.29, 4611086, 110, 26998, 0
627, 306, 3, 122, 0, 0, 92.44%, 16, 0, 7, 7455.36, 4649556, 110, 27284, 0
632, 308, 64, 122, 0, 0, 92.44%, 16, 0, 7, 7458.08, 4688270, 110, 27554, 0
637, 311, 60, 122, 0, 0, 92.44%, 16, 0, 7, 7443.16, 4725621, 110, 27829, 0
642, 313, 47, 122, 0, 0, 92.44%, 16, 0, 7, 7464.29, 4762974, 110, 28091, 0
647, 316, 52, 122, 0, 0, 92.44%, 16, 0, 7, 7454.08, 4801669, 110, 28361, 0
652, 318, 42, 122, 0, 0, 92.44%, 16, 0, 7, 7452.88, 4839448, 110, 28627, 0
657, 321, 113, 122, 0, 0, 92.44%, 16, 0, 7, 7463.69, 4876905, 110, 28898, 0
663, 323, 93, 122, 0, 0, 92.44%, 16, 0, 7, 7455.40, 4914192, 110, 29146, 0
668, 326, 48, 122, 0, 0, 92.44%, 16, 0, 7, 7462.20, 4952801, 110, 29416, 0
673, 329, 62, 122, 0, 0, 92.44%, 16, 0, 7, 7451.70, 4991244, 110, 29721, 0
678, 331, 83, 122, 0, 0, 92.44%, 16, 0, 7, 7443.14, 5030003, 110, 29980, 0
683, 334, 28, 122, 0, 0, 92.44%, 16, 0, 7, 7457.54, 5068381, 110, 30241, 0
688, 336, 42, 122, 0, 0, 92.44%, 16, 0, 7, 7461.24, 5106638, 110, 30564, 0
693, 339, 6, 122, 0, 0, 92.44%, 16, 0, 7, 7462.63, 5144927, 110, 30845, 0
699, 342, 60, 122, 0, 0, 92.44%, 16, 0, 7, 7469.43, 5183693, 110, 31118, 0
704, 344, 10, 122, 0, 0, 92.44%, 16, 0, 7, 7469.88, 5222100, 110, 31406, 0
709, 346, 52, 122, 0, 0, 92.44%, 16, 0, 7, 7462.37, 5259619, 110, 31656, 0
714, 349, 52, 122, 0, 0, 92.44%, 16, 0, 7, 7482.23, 5297100, 110, 31912, 0
719, 351, 100, 122, 0, 0, 92.44%, 16, 0, 7, 7483.21, 5334531, 110, 32162, 0
724, 354, 96, 122, 0, 0, 92.44%, 16, 0, 7, 7479.96, 5373366, 110, 32431, 0
729, 357, 60, 122, 0, 0, 92.44%, 16, 0, 7, 7480.96, 5412238, 110, 32697, 0
734, 360, 81, 122, 0, 0, 92.44%, 16, 0, 7, 7487.32, 5451133, 110, 32948, 0
740, 362, 28, 122, 0, 0, 92.44%, 16, 0, 7, 7458.63, 5489581, 110, 33193, 0
745, 365, 48, 122, 0, 0, 92.44%, 16, 0, 7, 7463.06, 5526858, 110, 33441, 0
750, 367, 87, 122, 0, 0, 92.44%, 16, 0, 7, 7473.56, 5565604, 110, 33740, 0
755, 370, 42, 122, 0, 0, 92.44%, 16, 0, 7, 7453.23, 5604267, 110, 34014, 0
760, 372, 52, 122, 0, 0, 92.44%, 16, 0, 7, 7447.19, 5642769, 110, 34313, 0
765, 375, 28, 122, 0, 0, 92.44%, 16, 0, 7, 7455.57, 5681284, 110, 34570, 0
770, 378, 24, 122, 0, 0, 92.44%, 16, 0, 7, 7455.81, 5719475, 110, 34799, 0
776, 380, 105, 122, 0, 0, 92.44%, 16, 0, 7, 7446.27, 5758030, 110, 35057, 0
781, 383, 40, 122, 0, 0, 92.44%, 16, 0, 7, 7433.92, 5796801, 110, 35290, 0
786, 385, 111, 122, 0, 0, 92.44%, 16, 0, 7, 7448.89, 5834436, 110, 35583, 0
791, 388, 32, 122, 0, 0, 92.44%, 16, 0, 7, 7449.57, 5871847, 110, 35825, 0
796, 391, 89, 122, 0, 0, 92.44%, 16, 0, 7, 7443.34, 5910358, 110, 36083, 0
801, 393, 47, 122, 0, 0, 92.44%, 16, 0, 7, 7425.01, 5948774, 110, 36326, 0
806, 396, 28, 122, 0, 0, 92.44%, 16, 0, 7, 7445.91, 5986180, 110, 36581, 0
811, 398, 109, 122, 0, 0, 92.44%, 16, 0, 7, 7449.80, 6024994, 110, 36880, 0
817, 401, 78, 122, 0, 0, 92.44%, 16, 0, 7, 7474.76, 6063774, 110, 37111, 0
822, 404, 36, 122, 0, 0, 92.44%, 16, 0, 7, 7470.58, 6101154, 110, 37385, 0
827, 406, 8, 122, 0, 0, 92.44%, 16, 0, 7, 7467.08, 6138607, 110, 37614, 0
832, 409, 28, 122, 0, 0, 92.44%, 16, 0, 7, 7456.32, 6177098, 110, 37859, 0
837, 411, 101, 122, 0, 0, 92.44%, 16, 0, 7, 7469.00, 6215761, 110, 38132, 0
842, 414, 32, 122, 0, 0, 92.44%, 16, 0, 7, 7462.14, 6254492, 110, 38418, 0
847, 417, 48, 122, 0, 0, 92.44%, 16, 0, 7, 7455.05, 6292968, 110, 38672, 0
853, 419, 105, 122, 0, 0, 92.44%, 16, 0, 7, 7461.90, 6331832, 110, 38937, 0
858, 422, 16, 122, 0, 0, 92.44%, 16, 0, 7, 7452.43, 6370518, 110, 39205, 0
863, 425, 60, 122, 0, 0, 92.44%, 16, 0, 7, 7435.13, 6409126, 110, 39460, 0
868, 427, 52, 122, 0, 0, 92.44%, 16, 0, 7, 7453.97, 6447839, 110, 39731, 0
873, 430, 114, 122, 0, 0, 92.44%, 16, 0, 7, 7444.80, 6486330, 110, 40023, 0
878, 432, 76, 122, 0, 0, 92.44%, 16, 0, 7, 7448.72, 6524129, 110, 40276, 0
884, 435, 52, 122, 0, 0, 92.44%, 16, 0, 7, 7453.02, 6562919, 110, 40546, 0
889, 437, 28, 122, 0, 0, 92.44%, 16, 0, 7, 7447.80, 6600334, 110, 40803, 0
894, 440, 36, 122, 0, 0, 92.44%, 16, 0, 7, 7450.55, 6637594, 110, 41052, 0
899, 443, 100, 122, 0, 0, 92.44%, 16, 0, 7, 7446.99, 6676216, 110, 41327, 0
904, 445, 2, 122, 0, 0, 92.44%, 16, 0, 7, 7454.63, 6714696, 110, 41587, 0
909, 448, 60, 122, 0, 0, 92.44%, 16, 0, 7, 7445.07, 6753435, 110, 41843, 0
914, 451, 47, 122, 0, 0, 92.44%, 16, 0, 7, 7435.45, 6791941, 110, 42099, 0
919, 453, 28, 122, 0, 0, 92.44%, 16, 0, 7, 7459.56, 6829308, 110, 42375, 0
924, 456, 48, 122, 0, 0, 92.44%, 16, 0, 7, 7476.35, 6866701, 110, 42644, 0
929, 458, 71, 122, 0, 0, 92.44%, 16, 0, 7, 7483.63, 6905559, 110, 42905, 0
935, 460, 47, 122, 0, 0, 92.44%, 16, 0, 7, 7469.26, 6944270, 110, 43206, 0
940, 463, 28, 122, 0, 0, 92.44%, 16, 0, 7, 7463.78, 6982770, 110, 43490, 0
945, 466, 48, 122, 0, 0, 92.44%, 16, 0, 7, 7468.63, 7021457, 110, 43771, 0
950, 468, 56, 122, 0, 0, 92.44%, 16, 0, 7, 7447.57, 7060126, 110, 44050, 0
955, 471, 48, 122, 0, 0, 92.44%, 16, 0, 7, 7439.24, 7098722, 110, 44333, 0
961, 473, 52, 122, 0, 0, 92.44%, 16, 0, 7, 7452.67, 7137368, 110, 44595, 0
966, 476, 48, 122, 0, 0, 92.44%, 16, 0, 7, 7445.77, 7175735, 110, 44841, 0
971, 479, 47, 122, 0, 0, 92.44%, 16, 0, 7, 7448.33, 7214388, 110, 45101, 0
976, 481, 94, 122, 0, 0, 92.44%, 16, 0, 7, 7443.55, 7253024, 110, 45358, 0
981, 484, 48, 122, 0, 0, 92.44%, 16, 0, 7, 7440.69, 7291660, 110, 45649, 0
986, 486, 76, 122, 0, 0, 92.44%, 16, 0, 7, 7439.94, 7330038, 110, 45914, 0
992, 489, 42, 122, 0, 0, 92.44%, 16, 0, 7, 7448.96, 7368566, 110, 46196, 0
997, 492, 7, 122, 0, 0, 92.44%, 16, 0, 7, 7456.18, 7405941, 110, 46450, 0
1002, 494, 48, 122, 0, 0, 92.44%, 16, 0, 7, 7472.41, 7444658, 110, 46726, 0
1007, 497, 60, 122, 0, 0, 92.44%, 16, 0, 7, 7451.51, 7483355, 110, 46991, 0
1012, 499, 42, 122, 0, 0, 92.44%, 16, 0, 7, 7431.47, 7521866, 110, 47261, 0
1017, 502, 88, 122, 0, 0, 92.44%, 16, 0, 7, 7444.53, 7559155, 110, 47543, 0
1022, 504, 82, 122, 0, 0, 92.44%, 16, 0, 7, 7452.15, 7596565, 110, 47790, 0
1027, 507, 97, 122, 0, 0, 92.44%, 16, 0, 7, 7456.18, 7635040, 110, 48051, 0
1032, 510, 40, 122, 0, 0, 92.44%, 16, 0, 7, 7466.04, 7672795, 110, 48338, 0
1037, 512, 53, 122, 0, 0, 92.44%, 16, 0, 7, 7456.97, 7710234, 110, 48576, 0
1042, 515, 52, 122, 0, 0, 92.44%, 16, 0, 7, 7455.83, 7747609, 110, 48812, 0
1048, 517, 3, 122, 0, 0, 92.44%, 16, 0, 7, 7441.10, 7785838, 110, 49080, 0
1053, 520, 32, 122, 0, 0, 92.44%, 16, 0, 7, 7430.00, 7824430, 110, 49348, 0
1058, 522, 32, 122, 0, 0, 92.44%, 16, 0, 7, 7430.84, 7861724, 110, 49545, 0
1063, 524, 36, 122, 0, 0, 92.44%, 16, 0, 7, 7425.35, 7900082, 110, 49780, 0
1068, 527, 23, 122, 0, 0, 92.44%, 16, 0, 7, 7447.94, 7937671, 110, 49993, 0
1073, 529, 60, 122, 0, 0, 92.44%, 16, 0, 7, 7427.90, 7975857, 110, 50186, 0
1078, 532, 0, 122, 0, 0, 92.44%, 16, 0, 7, 7460.49, 8013262, 110, 50417, 0
1083, 535, 42, 122, 0, 0, 92.44%, 16, 0, 7, 7466.30, 8051932, 110, 50645, 0
1089, 537, 104, 122, 0, 0, 92.44%, 16, 0, 7, 7481.23, 8090667, 110, 50875, 0
1094, 540, 102, 122, 0, 0, 92.44%, 16, 0, 7, 7467.82, 8128015, 110, 51110, 0
1099, 542, 87, 122, 0, 0, 92.44%, 16, 0, 7, 7464.41, 8166434, 110, 51337, 0
1104, 545, 36, 122, 0, 0, 92.44%, 16, 0, 7, 7451.35, 8203805, 110, 51524, 0
1109, 547, 52, 122, 0, 0, 92.44%, 16, 0, 7, 7458.38, 8241126, 110, 51707, 0
1114, 550, 47, 122, 0, 0, 92.44%, 16, 0, 7, 7474.76, 8279922, 110, 51947, 0
1119, 553, 48, 122, 0, 0, 92.44%, 16, 0, 7, 7458.66, 8318386, 110, 52201, 0
1124, 555, 115, 122, 0, 0, 92.44%, 16, 0, 7, 7460.49, 8356012, 110, 52433, 0
1129, 558, 60, 122, 0, 0, 92.44%, 16, 0, 7, 7443.74, 8394725, 110, 52670, 0
1134, 560, 42, 122, 0, 0, 92.44%, 16, 0, 7, 7432.63, 8432136, 110, 52876, 0
1140, 563, 47, 122, 0, 0, 92.44%, 16, 0, 7, 7429.74, 8470427, 110, 53089, 0
1145, 565, 40, 122, 0, 0, 92.44%, 16, 0, 7, 7451.36, 8509064, 110, 53304, 0
1150, 568, 32, 122, 0, 0, 92.44%, 16, 0, 7, 7457.47, 8547933, 110, 53529, 0
1155, 570, 116, 122, 0, 0, 92.44%, 16, 0, 7, 7458.57, 8585378, 110, 53725, 0
1160, 573, 40, 122, 0, 0, 92.44%, 16, 0, 7, 7441.73, 8622672, 110, 53934, 0
1165, 576, 100, 122, 0, 0, 92.44%, 16, 0, 7, 7426.13, 8661289, 110, 54185, 0
1170, 578, 98, 122, 0, 0, 92.44%, 16, 0, 7, 7426.43, 8699703, 110, 54414, 0
1175, 581, 26, 122, 0, 0, 92.44%, 16, 0, 7, 7439.57, 8738356, 110, 54679, 0
1181, 583, 102, 122, 0, 0, 92.44%, 16, 0, 7, 7435.06, 8776787, 110, 54935, 0
1186, 586, 6, 122, 0, 0, 92.44%, 16, 0, 7, 7434.75, 8814761, 110, 55158, 0
1191, 588, 89, 122, 0, 0, 92.44%, 16, 0, 7, 7437.52, 8852096, 110, 55371, 0
1196, 591, 112, 122, 0, 0, 92.44%, 16, 0, 7, 7447.62, 8890956, 110, 55605, 0
1201, 594, 42, 122, 0, 0, 92.44%, 16, 0, 7, 7442.13, 8929167, 110, 55826, 0
1206, 596, 0, 122, 0, 0, 92.44%, 16, 0, 7, 7448.61, 8967927, 110, 56070, 0
1212, 599, 48, 122, 0, 0, 92.44%, 16, 0, 7, 7443.12, 9006506, 110, 56279, 0
1217, 601, 32, 122, 0, 0, 92.44%, 16, 0, 7, 7447.40, 9044945, 110, 56504, 0
1222, 604, 92, 122, 0, 0, 92.44%, 16, 0, 7, 7444.69, 9082403, 110, 56717, 0
1227, 606, 30, 122, 0, 0, 92.44%, 16, 0, 7, 7441.17, 9120999, 110, 56937, 0
1232, 609, 48, 122, 0, 0, 92.44%, 16, 0, 7, 7441.66, 9159454, 110, 57187, 0
1237, 612, 60, 122, 0, 0, 92.44%, 16, 0, 7, 7467.01, 9198180, 110, 57411, 0
1242, 614, 108, 122, 0, 0, 92.44%, 16, 0, 7, 7480.87, 9236894, 110, 57632, 0
1247, 617, 47, 122, 0, 0, 92.44%, 16, 0, 7, 7465.60, 9274537, 110, 57863, 0
1252, 620, 52, 122, 0, 0, 92.44%, 16, 0, 7, 7465.26, 9311914, 110, 58092, 0
1258, 622, 40, 122, 0, 0, 92.44%, 16, 0, 7, 7473.43, 9350740, 110, 58336, 0
1263, 625, 3, 122, 0, 0, 92.44%, 16, 0, 7, 7454.90, 9389471, 110, 58564, 0
1268, 627, 40, 122, 0, 0, 92.44%, 16, 0, 7, 7452.48, 9426839, 110, 58814, 0
1273, 630, 121, 122, 0, 0, 92.44%, 16, 0, 7, 7432.64, 9464009, 110, 59034, 0
1278, 632, 9, 122, 0, 0, 92.44%, 16, 0, 7, 7454.49, 9502731, 110, 59307, 0
1283, 635, 93, 122, 0, 0, 92.44%, 16, 0, 7, 7437.77, 9541354, 110, 59543, 0
1288, 637, 97, 122, 0, 0, 92.44%, 16, 0, 7, 7442.08, 9579961, 110, 59781, 0
1294, 640, 47, 122, 0, 0, 92.44%, 16, 0, 7, 7442.06, 9618286, 110, 60002, 0
1299, 642, 88, 122, 0, 0, 92.44%, 16, 0, 7, 7452.43, 9656738, 110, 60211, 0
1304, 645, 36, 122, 0, 0, 92.44%, 16, 0, 7, 7441.57, 9694111, 110, 60434, 0
1309, 647, 85, 122, 0, 0, 92.44%, 16, 0, 7, 7441.15, 9731608, 110, 60672, 0
1314, 650, 36, 122, 0, 0, 92.44%, 16, 0, 7, 7439.55, 9770229, 110, 60904, 0
1319, 652, 76, 122, 0, 0, 92.44%, 16, 0, 7, 7451.31, 9807628, 110, 61143, 0
1324, 655, 39, 122, 0, 0, 92.44%, 16, 0, 7, 7453.02, 9845040, 110, 61353, 0
1329, 658, 60, 122, 0, 0, 92.44%, 16, 0, 7, 7452.69, 9883694, 110, 61560, 0
1334, 660, 36, 122, 0, 0, 92.44%, 16, 0, 7, 7442.51, 9922374, 110, 61786, 0
1339, 662, 42, 122, 0, 0, 92.44%, 16, 0, 7, 7439.04, 9959596, 110, 62013, 0
1344, 665, 47, 122, 0, 0, 92.44%, 16, 0, 7, 7435.26, 9996906, 110, 62233, 0
1350, 668, 54, 122, 0, 0, 92.44%, 16, 0, 7, 7441.88, 10035480, 110, 62463, 0
1355, 670, 28, 122, 0, 0, 92.44%, 16, 0, 7, 7450.21, 10074087, 110, 62718, 0
1360, 672, 43, 122, 0, 0, 92.44%, 16, 0, 7, 7439.45, 10111662, 110, 62940, 0
1365, 675, 101, 122, 0, 0, 92.44%, 16, 0, 7, 7443.28, 10150189, 110, 63168, 0
1370, 677, 28, 122, 0, 0, 92.44%, 16, 0, 7, 7454.24, 10188712, 110, 63418, 0
1375, 680, 42, 122, 0, 0, 92.44%, 16, 0, 7, 7463.96, 10227452, 110, 63647, 0
1380, 682, 52, 122, 0, 0, 92.44%, 16, 0, 7, 7477.18, 10264922, 110, 63885, 0
1385, 685, 88, 122, 0, 0, 92.44%, 16, 0, 7, 7459.27, 10302215, 110, 64103, 0
1391, 688, 48, 122, 0, 0, 92.44%, 16, 0, 7, 7466.46, 10339633, 110, 64341, 0
1396, 690, 28, 122, 0, 0, 92.44%, 16, 0, 7, 7446.56, 10377015, 110, 64561, 0
1401, 692, 28, 122, 0, 0, 92.44%, 16, 0, 7, 7481.01, 10415354, 110, 64791, 0
1406, 695, 36, 122, 0, 0, 92.44%, 16, 0, 7, 7429.94, 10453767, 110, 65030, 0
1411, 697, 78, 122, 0, 0, 92.44%, 16, 0, 7, 7416.36, 10492341, 110, 65260, 0
1416, 700, 60, 122, 0, 0, 92.44%, 16, 0, 7, 7418.78, 10530848, 110, 65500, 0
1421, 702, 28, 122, 0, 0, 92.44%, 16, 0, 7, 7423.97, 10569286, 110, 65723, 0
1427, 705, 42, 122, 0, 0, 92.44%, 16, 0, 7, 7427.92, 10607875, 110, 65930, 0
1432, 707, 32, 122, 0, 0, 92.44%, 16, 0, 7, 7421.47, 10646430, 110, 66172, 0
1437, 710, 64, 122, 0, 0, 92.44%, 16, 0, 7, 7443.25, 10685080, 110, 66403, 0
1442, 713, 28, 122, 0, 0, 92.44%, 16, 0, 7, 7445.92, 10723730, 110, 66640, 0
1447, 715, 42, 122, 0, 0, 92.44%, 16, 0, 7, 7436.33, 10762312, 110, 66872, 0
1452, 718, 36, 122, 0, 0, 92.44%, 16, 0, 7, 7433.03, 10800767, 110, 67082, 0
1458, 720, 87, 122, 0, 0, 92.44%, 16, 0, 7, 7443.80, 10838982, 110, 67311, 0
1463, 723, 28, 122, 0, 0, 92.44%, 16, 0, 7, 7458.55, 10877739, 110, 67521, 0
1468, 725, 113, 122, 0, 0, 92.44%, 16, 0, 7, 7447.72, 10916412, 110, 67735, 0
1473, 728, 40, 122, 0, 0, 92.44%, 16, 0, 7, 7470.94, 10954930, 110, 67963, 0
1478, 731, 40, 122, 0, 0, 92.44%, 16, 0, 7, 7468.83, 10993573, 110, 68211, 0
1484, 733, 48, 122, 0, 0, 92.44%, 16, 0, 7, 7432.47, 11032136, 110, 68376, 0
1489, 736, 52, 122, 0, 0, 92.44%, 16, 0, 7, 7458.04, 11071034, 110, 68593, 0
1494, 738, 32, 122, 0, 0, 92.44%, 16, 0, 7, 7447.34, 11109317, 110, 68806, 0
1499, 741, 100, 122, 0, 0, 92.44%, 16, 0, 7, 7448.85, 11147861, 110, 69037, 0
1504, 743, 61, 122, 0, 0, 92.44%, 16, 0, 7, 7466.24, 11186582, 110, 69251, 0
1509, 746, 28, 122, 0, 0, 92.44%, 16, 0, 7, 7452.85, 11223888, 110, 69465, 0
1514, 748, 48, 122, 0, 0, 92.44%, 16, 0, 7, 7437.20, 11261235, 110, 69650, 0
1519, 751, 26, 122, 0, 0, 92.44%, 16, 0, 7, 7451.89, 11299626, 110, 69900, 0
1525, 753, 47, 122, 0, 0, 92.44%, 16, 0, 7, 7430.84, 11338223, 110, 70105, 0
1530, 755, 36, 122, 0, 0, 92.44%, 16, 0, 7, 7439.12, 11376545, 110, 70344, 0
1535, 758, 115, 122, 0, 0, 92.44%, 16, 0, 7, 7434.02, 11413745, 110, 70556, 0
1540, 761, 48, 122, 0, 0, 92.44%, 16, 0, 7, 7438.56, 11452372, 110, 70790, 0
1545, 763, 3, 122, 0, 0, 92.44%, 16, 0, 7, 7439.03, 11490601, 110, 71008, 0
1550, 766, 117, 122, 0, 0, 92.44%, 16, 0, 7, 7431.29, 11528725, 110, 71229, 0
1555, 768, 32, 122, 0, 0, 92.44%, 16, 0, 7, 7434.53, 11565907, 110, 71426, 0
1560, 771, 28, 122, 0, 0, 92.44%, 16, 0, 7, 7435.95, 11601402, 110, 71638, 0
