# relative_time, cycles_done, cur_item, corpus_count, pending_total, pending_favs, map_size, saved_crashes, saved_hangs, max_depth, execs_per_sec, total_execs, edges_found, total_crashes, servers_count
62, 49, 60, 79, 0, 0, 92.44%, 11, 0, 4, 7420.54, 465393, 110, 2133, 0
67, 54, 26, 79, 0, 0, 92.44%, 11, 0, 4, 7444.33, 502643, 110, 2314, 0
72, 59, 24, 79, 0, 0, 92.44%, 11, 0, 4, 7452.36, 541243, 110, 2489, 0
77, 65, 36, 79, 0, 0, 92.44%, 11, 0, 4, 7460.49, 579769, 110, 2674, 0
82, 70, 24, 79, 0, 0, 92.44%, 11, 0, 4, 7453.82, 618319, 110, 2863, 0
87, 76, 78, 79, 0, 0, 92.44%, 11, 0, 4, 7466.25, 657019, 110, 3052, 0
92, 81, 18, 79, 0, 0, 92.44%, 11, 0, 4, 7439.66, 695718, 110, 3226, 0
98, 86, 36, 79, 0, 0, 92.44%, 11, 0, 4, 7448.96, 734094, 110, 3409, 0
103, 91, 24, 79, 0, 0, 92.44%, 11, 0, 4, 7460.21, 772819, 110, 3595, 0
108, 97, 20, 79, 0, 0, 92.44%, 11, 0, 4, 7447.70, 811444, 110, 3778, 0
113, 102, 24, 79, 0, 0, 92.44%, 11, 0, 4, 7441.36, 848868, 110, 3957, 0
118, 107, 15, 79, 0, 0, 92.44%, 11, 0, 4, 7456.91, 887294, 110, 4172, 0
123, 113, 68, 79, 0, 0, 92.44%, 11, 0, 4, 7433.16, 925718, 110, 4348, 0
129, 118, 73, 79, 0, 0, 92.44%, 11, 0, 4, 7440.51, 964044, 110, 4528, 0
134, 124, 60, 79, 0, 0, 92.44%, 11, 0, 4, 7436.69, 1002144, 110, 4722, 0
139, 129, 29, 79, 0, 0, 92.44%, 11, 0, 4, 7430.41, 1040518, 110, 4922, 0
144, 135, 0, 79, 0, 0, 92.44%, 11, 0, 4, 7430.11, 1078994, 110, 5101, 0
149, 140, 12, 79, 0, 0, 92.44%, 11, 0, 4, 7442.14, 1117544, 110, 5282, 0
154, 146, 24, 79, 0, 0, 92.44%, 11, 0, 4, 7427.08, 1156093, 110, 5447, 0
159, 152, 60, 79, 0, 0, 92.44%, 11, 0, 4, 7457.27, 1194394, 110, 5625, 0
165, 157, 60, 79, 0, 0, 92.44%, 11, 0, 4, 7428.56, 1232743, 110, 5822, 0
170, 158, 93, 113, 20, 0, 92.44%, 11, 0, 5, 7341.15, 1270843, 110, 5942, 0
175, 159, 93, 114, 2, 0, 92.44%, 11, 0, 6, 7311.33, 1307377, 110, 6054, 0
180, 161, 100, 114, 0, 0, 92.44%, 11, 0, 6, 7362.48, 1345728, 110, 6215, 0
185, 164, 109, 114, 0, 0, 92.44%, 11, 0, 6, 7325.70, 1383610, 110, 6348, 0
190, 166, 95, 114, 0, 0, 92.44%, 11, 0, 6, 7310.53, 1420285, 110, 6493, 0
195, 168, 14, 114, 0, 0, 92.44%, 11, 0, 6, 7354.48, 1458483, 110, 6634, 0
201, 170, 60, 114, 0, 0, 92.44%, 11, 0, 6, 7386.08, 1491881, 110, 6782, 0
206, 172, 4, 114, 0, 0, 92.44%, 11, 0, 6, 7320.35, 1529658, 110, 6920, 0
211, 174, 37, 114, 0, 0, 92.44%, 11, 0, 6, 7348.41, 1567908, 110, 7080, 0
216, 177, 99, 114, 0, 0, 92.44%, 11, 0, 6, 7354.71, 1606222, 110, 7283, 0
221, 179, 60, 114, 0, 0, 92.44%, 11, 0, 6, 7313.44, 1644005, 110, 7418, 0
226, 181, 104, 114, 0, 0, 92.44%, 11, 0, 6, 7330.26, 1681856, 110, 7557, 0
232, 183, 81, 114, 0, 0, 92.44%, 11, 0, 6, 7356.82, 1719100, 110, 7696, 0
233, 184, 29, 114, 0, 0, 92.44%, 11, 0, 6, 7358.83, 1730456, 110, 7745, 0
