# relative_time, cycles_done, cur_item, corpus_count, pending_total, pending_favs, map_size, saved_crashes, saved_hangs, max_depth, execs_per_sec, total_execs, edges_found, total_crashes, servers_count
61, 34, 8, 81, 0, 0, 92.44%, 12, 0, 7, 7423.93, 455353, 110, 1950, 0
66, 38, 50, 81, 0, 0, 92.44%, 12, 0, 7, 7409.47, 493900, 110, 2153, 0
71, 43, 50, 81, 0, 0, 92.44%, 12, 0, 7, 7432.09, 532525, 110, 2330, 0
76, 48, 62, 81, 0, 0, 92.44%, 12, 0, 7, 7450.54, 571102, 110, 2532, 0
82, 53, 9, 81, 0, 0, 92.44%, 12, 0, 7, 7438.64, 609678, 110, 2750, 0
87, 57, 48, 81, 0, 0, 92.44%, 12, 0, 7, 7423.47, 647077, 110, 2929, 0
92, 62, 74, 81, 0, 0, 92.44%, 12, 0, 7, 7437.08, 685450, 110, 3102, 0
97, 66, 12, 81, 0, 0, 92.44%, 12, 0, 7, 7428.82, 723753, 110, 3287, 0
102, 70, 2, 81, 0, 0, 92.44%, 12, 0, 7, 7442.25, 762453, 110, 3467, 0
107, 75, 61, 81, 0, 0, 92.44%, 12, 0, 7, 7430.18, 799777, 110, 3663, 0
112, 79, 29, 81, 0, 0, 92.44%, 12, 0, 7, 7443.31, 837003, 110, 3820, 0
117, 84, 33, 81, 0, 0, 92.44%, 12, 0, 7, 7455.87, 875353, 110, 4000, 0
123, 88, 67, 81, 0, 0, 92.44%, 12, 0, 7, 7451.79, 914152, 110, 4194, 0
128, 92, 73, 81, 0, 0, 92.44%, 12, 0, 7, 7431.49, 952425, 110, 4408, 0
133, 97, 52, 81, 0, 0, 92.44%, 12, 0, 7, 7440.66, 990927, 110, 4595, 0
138, 101, 52, 81, 0, 0, 92.44%, 12, 0, 7, 7427.18, 1028050, 110, 4789, 0
143, 105, 21, 81, 0, 0, 92.44%, 12, 0, 7, 7411.62, 1065153, 110, 4979, 0
148, 110, 63, 81, 0, 0, 92.44%, 12, 0, 7, 7423.64, 1103375, 110, 5168, 0
153, 115, 48, 81, 0, 0, 92.44%, 12, 0, 7, 7439.60, 1142000, 110, 5361, 0
158, 119, 29, 81, 0, 0, 92.44%, 12, 0, 7, 7433.90, 1179603, 110, 5537, 0
163, 124, 0, 81, 0, 0, 92.44%, 12, 0, 7, 7437.31, 1216903, 110, 5709, 0
168, 128, 13, 81, 0, 0, 92.44%, 12, 0, 7, 7430.19, 1255078, 110, 5909, 0
174, 132, 52, 81, 0, 0, 92.44%, 12, 0, 7, 7417.99, 1293577, 110, 6105, 0
179, 137, 44, 81, 0, 0, 92.44%, 12, 0, 7, 7381.31, 1332048, 110, 6290, 0
184, 141, 50, 81, 0, 0, 92.44%, 12, 0, 7, 7396.74, 1370698, 110, 6472, 0
189, 146, 21, 81, 0, 0, 92.44%, 12, 0, 7, 7414.81, 1408903, 110, 6671, 0
194, 150, 21, 81, 0, 0, 92.44%, 12, 0, 7, 7418.86, 1447153, 110, 6861, 0
200, 152, 89, 100, 8, 0, 92.44%, 12, 0, 7, 7290.87, 1484790, 110, 6998, 0
205, 154, 81, 100, 1, 0, 92.44%, 12, 0, 7, 7322.67, 1522841, 110, 7156, 0
210, 157, 88, 100, 1, 0, 92.44%, 12, 0, 7, 7310.58, 1560691, 110, 7338, 0
210, 157, 52, 100, 1, 0, 92.44%, 12, 0, 7, 7305.85, 1562138, 110, 7341, 0
