# relative_time, cycles_done, cur_item, corpus_count, pending_total, pending_favs, map_size, saved_crashes, saved_hangs, max_depth, execs_per_sec, total_execs, edges_found, total_crashes, servers_count
61, 33, 52, 93, 0, 0, 92.44%, 19, 0, 8, 7383.26, 457100, 110, 2199, 0
66, 37, 45, 93, 0, 0, 92.44%, 19, 0, 8, 7390.91, 495260, 110, 2431, 0
71, 41, 27, 93, 0, 0, 92.44%, 19, 0, 8, 7385.14, 532432, 110, 2624, 0
76, 45, 10, 93, 0, 0, 92.44%, 19, 0, 8, 7418.58, 570996, 110, 2843, 0
81, 49, 6, 93, 0, 0, 92.44%, 19, 0, 8, 7429.85, 609379, 110, 3051, 0
87, 53, 37, 93, 0, 0, 92.44%, 19, 0, 8, 7403.25, 647516, 110, 3237, 0
92, 57, 5, 93, 0, 0, 92.44%, 19, 0, 8, 7409.50, 685770, 110, 3433, 0
97, 61, 52, 93, 0, 0, 92.44%, 19, 0, 8, 7421.95, 723943, 110, 3616, 0
102, 65, 29, 93, 0, 0, 92.44%, 19, 0, 8, 7437.80, 762420, 110, 3785, 0
107, 69, 36, 93, 0, 0, 92.44%, 19, 0, 8, 7441.68, 800642, 110, 3980, 0
112, 74, 18, 93, 0, 0, 92.44%, 19, 0, 8, 7453.92, 839373, 110, 4168, 0
118, 77, 37, 93, 0, 0, 92.44%, 19, 0, 8, 7431.87, 877693, 110, 4390, 0
123, 81, 36, 93, 0, 0, 92.44%, 19, 0, 8, 7418.63, 916213, 110, 4614, 0
128, 85, 37, 93, 0, 0, 92.44%, 19, 0, 8, 7436.45, 954600, 110, 4846, 0
133, 89, 91, 93, 0, 0, 92.44%, 19, 0, 8, 7410.25, 992637, 110, 5081, 0
138, 93, 45, 93, 0, 0, 92.44%, 19, 0, 8, 7434.18, 1031110, 110, 5307, 0
143, 97, 71, 93, 0, 0, 92.44%, 19, 0, 8, 7412.04, 1069512, 110, 5509, 0
149, 102, 22, 93, 0, 0, 92.44%, 19, 0, 8, 7397.36, 1107436, 110, 5722, 0
154, 106, 21, 93, 0, 0, 92.44%, 19, 0, 8, 7385.53, 1145960, 110, 5941, 0
159, 110, 75, 93, 0, 0, 92.44%, 19, 0, 8, 7393.79, 1184186, 110, 6136, 0
164, 114, 36, 93, 0, 0, 92.44%, 19, 0, 8, 7398.44, 1222094, 110, 6355, 0
169, 118, 92, 93, 0, 0, 92.44%, 19, 0, 8, 7382.86, 1260413, 110, 6542, 0
174, 122, 22, 93, 0, 0, 92.44%, 19, 0, 8, 7413.64, 1298910, 110, 6733, 0
180, 126, 22, 93, 0, 0, 92.44%, 19, 0, 8, 7402.14, 1336920, 110, 6923, 0
185, 130, 45, 93, 0, 0, 92.44%, 19, 0, 8, 7410.21, 1375074, 110, 7097, 0
190, 135, 39, 93, 0, 0, 92.44%, 19, 0, 8, 7413.88, 1413148, 110, 7302, 0
195, 138, 22, 93, 0, 0, 92.44%, 19, 0, 8, 7386.73, 1451054, 110, 7500, 0
200, 143, 18, 93, 0, 0, 92.44%, 19, 0, 8, 7401.04, 1489473, 110, 7690, 0
205, 147, 20, 93, 0, 0, 92.44%, 19, 0, 8, 7416.18, 1528052, 110, 7917, 0
210, 151, 20, 93, 0, 0, 92.44%, 19, 0, 8, 7434.87, 1565882, 110, 8118, 0
