# relative_time, cycles_done, cur_item, corpus_count, pending_total, pending_favs, map_size, saved_crashes, saved_hangs, max_depth, execs_per_sec, total_execs, edges_found, total_crashes, servers_count
61, 0, 25, 39, 22, 1, 91.60%, 17, 0, 4, 1990.36, 127500, 109, 672, 0
66, 1, 37, 39, 9, 0, 91.60%, 18, 0, 4, 1950.72, 137262, 109, 782, 0
71, 3, 38, 40, 3, 0, 92.44%, 18, 0, 5, 1886.83, 146529, 110, 899, 0
76, 3, 39, 69, 32, 1, 92.44%, 20, 0, 6, 1585.97, 154250, 110, 1702, 0
81, 3, 42, 69, 27, 0, 92.44%, 20, 0, 6, 1602.44, 162224, 110, 2417, 0
86, 4, 67, 69, 9, 0, 92.44%, 21, 0, 6, 1685.24, 170713, 110, 2868, 0
91, 5, 67, 69, 1, 0, 92.44%, 21, 0, 6, 1782.67, 179971, 110, 3209, 0
96, 5, 51, 69, 0, 0, 92.44%, 21, 0, 6, 1710.39, 188467, 110, 3608, 0
101, 6, 21, 69, 0, 0, 92.44%, 21, 0, 6, 1762.74, 197305, 110, 3973, 0
106, 7, 46, 69, 0, 0, 92.44%, 21, 0, 6, 1845.85, 207069, 110, 4395, 0
111, 9, 63, 69, 0, 0, 92.44%, 21, 0, 6, 1772.42, 215817, 110, 4909, 0
116, 9, 38, 69, 0, 0, 92.44%, 21, 0, 6, 1655.82, 224089, 110, 5274, 0
122, 10, 15, 69, 0, 0, 92.44%, 21, 0, 6, 1693.19, 232654, 110, 5606, 0
127, 12, 28, 69, 0, 0, 92.44%, 21, 0, 6, 1784.66, 241405, 110, 5978, 0
132, 13, 44, 69, 0, 0, 92.44%, 21, 0, 6, 1772.11, 250482, 110, 6411, 0
137, 14, 67, 69, 0, 0, 92.44%, 21, 0, 6, 1787.92, 259326, 110, 6827, 0
142, 15, 44, 69, 0, 0, 92.44%, 21, 0, 6, 1749.83, 268324, 110, 7273, 0
147, 16, 21, 69, 0, 0, 92.44%, 21, 0, 6, 1827.89, 277751, 110, 7511, 0
152, 17, 9, 69, 0, 0, 92.44%, 21, 0, 6, 1711.98, 286428, 110, 7887, 0
157, 18, 67, 69, 0, 0, 92.44%, 21, 0, 6, 1743.29, 295286, 110, 8305, 0
162, 19, 9, 69, 0, 0, 92.44%, 21, 0, 6, 1738.35, 304091, 110, 8709, 0
167, 20, 22, 69, 0, 0, 92.44%, 21, 0, 6, 1739.89, 313045, 110, 9022, 0
172, 21, 68, 69, 0, 0, 92.44%, 21, 0, 6, 1752.81, 322078, 110, 9343, 0
177, 22, 67, 69, 0, 0, 92.44%, 21, 0, 6, 1754.84, 330914, 110, 9746, 0
182, 23, 50, 69, 0, 0, 92.44%, 21, 0, 6, 1808.82, 340267, 110, 10156, 0
187, 25, 28, 69, 0, 0, 92.44%, 21, 0, 6, 1808.16, 349482, 110, 10483, 0
192, 26, 58, 69, 0, 0, 92.44%, 21, 0, 6, 1680.61, 357964, 110, 10973, 0
197, 27, 67, 69, 0, 0, 92.44%, 21, 0, 6, 1700.06, 366577, 110, 11257, 0
203, 28, 42, 69, 0, 0, 92.44%, 21, 0, 6, 1681.24, 375326, 110, 11704, 0
208, 29, 62, 69, 0, 0, 92.44%, 21, 0, 6, 1641.31, 383622, 110, 12181, 0
210, 29, 67, 69, 0, 0, 92.44%, 21, 0, 6, 1762.08, 388390, 110, 12310, 0
