# relative_time, cycles_done, cur_item, corpus_count, pending_total, pending_favs, map_size, saved_crashes, saved_hangs, max_depth, execs_per_sec, total_execs, edges_found, total_crashes, servers_count
60, 0, 49, 91, 74, 1, 92.44%, 21, 0, 6, 1763.97, 126267, 110, 1700, 0
66, 0, 49, 91, 74, 1, 92.44%, 22, 0, 6, 1727.34, 134926, 110, 2114, 0
71, 0, 49, 91, 74, 1, 92.44%, 22, 0, 6, 1691.70, 143414, 110, 2564, 0
76, 0, 49, 91, 74, 1, 92.44%, 22, 0, 6, 1740.66, 152164, 110, 3002, 0
81, 0, 49, 91, 74, 1, 92.44%, 22, 0, 6, 1696.55, 160640, 110, 3432, 0
86, 0, 0, 91, 57, 0, 92.44%, 22, 0, 6, 1778.08, 169772, 110, 3753, 0
91, 1, 35, 91, 37, 0, 92.44%, 22, 0, 6, 1802.06, 178731, 110, 4033, 0
96, 1, 70, 91, 14, 0, 92.44%, 22, 0, 6, 1812.59, 187828, 110, 4336, 0
101, 2, 48, 91, 4, 0, 92.44%, 22, 0, 6, 1749.27, 196550, 110, 4674, 0
106, 2, 46, 91, 1, 0, 92.44%, 22, 0, 6, 1740.15, 205253, 110, 5028, 0
111, 3, 46, 91, 1, 0, 92.44%, 22, 0, 6, 1792.44, 214432, 110, 5298, 0
116, 4, 61, 91, 1, 0, 92.44%, 22, 0, 6, 1831.89, 223770, 110, 5554, 0
121, 5, 78, 91, 1, 0, 92.44%, 22, 0, 6, 1768.26, 232761, 110, 5873, 0
126, 5, 46, 91, 1, 0, 92.44%, 22, 0, 6, 1725.01, 241225, 110, 6292, 0
131, 6, 48, 91, 0, 0, 92.44%, 22, 0, 6, 1770.70, 250560, 110, 6662, 0
136, 7, 46, 91, 0, 0, 92.44%, 22, 0, 6, 1753.41, 259781, 110, 7112, 0
141, 7, 16, 91, 0, 0, 92.44%, 22, 0, 6, 1728.46, 268488, 110, 7510, 0
146, 8, 73, 91, 0, 0, 92.44%, 22, 0, 6, 1753.48, 277289, 110, 7910, 0
152, 9, 58, 91, 0, 0, 92.44%, 22, 0, 6, 1794.09, 286489, 110, 8312, 0
157, 9, 48, 91, 0, 0, 92.44%, 22, 0, 6, 1824.95, 295658, 110, 8663, 0
162, 10, 46, 91, 0, 0, 92.44%, 22, 0, 6, 1681.86, 304040, 110, 9149, 0
167, 11, 46, 91, 0, 0, 92.44%, 22, 0, 6, 1686.63, 312655, 110, 9528, 0
172, 11, 62, 91, 0, 0, 92.44%, 22, 0, 6, 1738.76, 321487, 110, 9906, 0
177, 12, 61, 91, 0, 0, 92.44%, 22, 0, 6, 1781.69, 330217, 110, 10324, 0
182, 13, 73, 91, 0, 0, 92.44%, 22, 0, 6, 1760.16, 339330, 110, 10750, 0
187, 13, 61, 91, 0, 0, 92.44%, 22, 0, 6, 1787.60, 348318, 110, 11123, 0
192, 14, 47, 91, 0, 0, 92.44%, 22, 0, 6, 1680.79, 356928, 110, 11544, 0
197, 15, 73, 91, 0, 0, 92.44%, 22, 0, 6, 1813.67, 366246, 110, 11880, 0
202, 15, 48, 91, 0, 0, 92.44%, 22, 0, 6, 1799.92, 375064, 110, 12279, 0
207, 16, 73, 91, 0, 0, 92.44%, 22, 0, 6, 1750.90, 383756, 110, 12563, 0
210, 16, 48, 91, 0, 0, 92.44%, 22, 0, 6, 1812.71, 388696, 110, 12811, 0
