# relative_time, cycles_done, cur_item, corpus_count, pending_total, pending_favs, map_size, saved_crashes, saved_hangs, max_depth, execs_per_sec, total_execs, edges_found, total_crashes, servers_count
61, 31, 105, 119, 0, 0, 92.44%, 14, 0, 7, 7497.29, 464295, 110, 2245, 0
66, 35, 27, 119, 0, 0, 92.44%, 14, 0, 7, 7513.94, 502044, 110, 2484, 0
71, 38, 84, 119, 0, 0, 92.44%, 14, 0, 7, 7515.74, 540895, 110, 2685, 0
77, 41, 67, 119, 0, 0, 92.44%, 14, 0, 7, 7517.03, 579869, 110, 2910, 0
82, 44, 67, 119, 0, 0, 92.44%, 14, 0, 7, 7509.15, 618720, 110, 3113, 0
87, 47, 67, 119, 0, 0, 92.44%, 14, 0, 7, 7492.52, 657544, 110, 3310, 0
92, 50, 103, 119, 0, 0, 92.44%, 14, 0, 7, 7493.73, 696544, 110, 3506, 0
97, 53, 85, 119, 0, 0, 92.44%, 14, 0, 7, 7513.89, 735095, 110, 3731, 0
102, 57, 37, 119, 0, 0, 92.44%, 14, 0, 7, 7513.10, 773945, 110, 3931, 0
108, 60, 43, 119, 0, 0, 92.44%, 14, 0, 7, 7507.35, 812970, 110, 4143, 0
113, 63, 82, 119, 0, 0, 92.44%, 14, 0, 7, 7502.84, 851645, 110, 4346, 0
118, 66, 12, 119, 0, 0, 92.44%, 14, 0, 7, 7506.77, 890469, 110, 4542, 0
123, 69, 44, 119, 0, 0, 92.44%, 14, 0, 7, 7485.68, 929144, 110, 4759, 0
128, 72, 83, 119, 0, 0, 92.44%, 14, 0, 7, 7500.34, 967720, 110, 4963, 0
133, 76, 84, 119, 0, 0, 92.44%, 14, 0, 7, 7518.83, 1006495, 110, 5148, 0
139, 79, 117, 119, 0, 0, 92.44%, 14, 0, 7, 7524.56, 1045195, 110, 5347, 0
144, 82, 37, 119, 0, 0, 92.44%, 14, 0, 7, 7530.86, 1083794, 110, 5545, 0
149, 85, 37, 120, 1, 0, 92.44%, 15, 0, 7, 7529.19, 1122751, 110, 5722, 0
154, 88, 67, 120, 0, 0, 92.44%, 15, 0, 7, 7513.92, 1161537, 110, 5942, 0
159, 91, 67, 120, 0, 0, 92.44%, 15, 0, 7, 7523.50, 1199312, 110, 6119, 0
164, 94, 84, 120, 0, 0, 92.44%, 15, 0, 7, 7526.24, 1238236, 110, 6334, 0
169, 97, 10, 120, 0, 0, 92.44%, 15, 0, 7, 7511.96, 1277162, 110, 6545, 0
175, 100, 108, 120, 0, 0, 92.44%, 15, 0, 7, 7525.51, 1315886, 110, 6740, 0
180, 104, 117, 120, 0, 0, 92.44%, 15, 0, 7, 7542.64, 1354912, 110, 6930, 0
185, 107, 3, 120, 0, 0, 92.44%, 15, 0, 7, 7477.98, 1393436, 110, 7133, 0
190, 110, 37, 120, 0, 0, 92.44%, 15, 0, 7, 7497.26, 1432411, 110, 7354, 0
195, 113, 46, 120, 0, 0, 92.44%, 15, 0, 7, 7501.64, 1470887, 110, 7541, 0
200, 117, 46, 120, 0, 0, 92.44%, 15, 0, 7, 7507.53, 1509887, 110, 7733, 0
206, 120, 0, 120, 0, 0, 92.44%, 15, 0, 7, 7483.51, 1548386, 110, 7946, 0
210, 123, 83, 120, 0, 0, 92.44%, 15, 0, 7, 7480.76, 1584529, 110, 8110, 0
